[[0, 13, 1, 65, 25, 53, 74], [13, 0, 11, 82, 25, 76, 67], [1, 11, 0, 55, 13, 82, 94], [65, 82, 55, 0, 79, 75, 79], [25, 25, 13, 79, 0, 73, 64], [53, 76, 82, 75, 73, 0, 86], [74, 67, 94, 79, 64, 86, 0]]