[[0, 89, 2, 82, 60, 36, 44], [89, 0, 67, 61, 12, 82, 82], [2, 67, 0, 32, 38, 58, 18], [82, 61, 32, 0, 20, 5, 18], [60, 12, 38, 20, 0, 39, 68], [36, 82, 58, 5, 39, 0, 74], [44, 82, 18, 18, 68, 74, 0]]