[[0, 23, 91, 72, 33, 90], [23, 0, 38, 97, 83, 34], [91, 38, 0, 61, 44, 15], [72, 97, 61, 0, 96, 91], [33, 83, 44, 96, 0, 47], [90, 34, 15, 91, 47, 0]]