[[0, 67, 39, 100, 29, 34], [67, 0, 81, 86, 80, 47], [39, 81, 0, 98, 93, 15], [100, 86, 98, 0, 66, 18], [29, 80, 93, 66, 0, 42], [34, 47, 15, 18, 42, 0]]