[[0, 42, 48, 10, 91, 27], [42, 0, 72, 44, 80, 28], [48, 72, 0, 95, 6, 19], [10, 44, 95, 0, 45, 18], [91, 80, 6, 45, 0, 52], [27, 28, 19, 18, 52, 0]]