[[0, 69, 20, 87, 60, 3, 53, 17], [69, 0, 48, 33, 66, 78, 5, 79], [20, 48, 0, 98, 59, 12, 86, 62], [87, 33, 98, 0, 22, 57, 45, 33], [60, 66, 59, 22, 0, 10, 94, 62], [3, 78, 12, 57, 10, 0, 52, 56], [53, 5, 86, 45, 94, 52, 0, 66], [17, 79, 62, 33, 62, 56, 66, 0]]