[[0, 69, 22, 62, 87, 24, 48, 11], [69, 0, 41, 24, 90, 64, 47, 97], [22, 41, 0, 58, 27, 42, 32, 82], [62, 24, 58, 0, 5, 95, 89, 85], [87, 90, 27, 5, 0, 45, 13, 1], [24, 64, 42, 95, 45, 0, 52, 77], [48, 47, 32, 89, 13, 52, 0, 76], [11, 97, 82, 85, 1, 77, 76, 0]]