[[0, 41, 61, 70, 10, 19, 80, 46], [41, 0, 14, 53, 96, 10, 40, 24], [61, 14, 0, 70, 30, 93, 94, 35], [70, 53, 70, 0, 22, 37, 4, 49], [10, 96, 30, 22, 0, 31, 92, 100], [19, 10, 93, 37, 31, 0, 59, 98], [80, 40, 94, 4, 92, 59, 0, 79], [46, 24, 35, 49, 100, 98, 79, 0]]