[[0, 80, 30, 7, 49, 53, 87, 21, 84], [80, 0, 72, 93, 86, 51, 1, 92, 13], [30, 72, 0, 11, 64, 49, 77, 35, 17], [7, 93, 11, 0, 74, 11, 91, 69, 73], [49, 86, 64, 74, 0, 61, 1, 8, 28], [53, 51, 49, 11, 61, 0, 71, 42, 89], [87, 1, 77, 91, 1, 71, 0, 11, 86], [21, 92, 35, 69, 8, 42, 11, 0, 89], [84, 13, 17, 73, 28, 89, 86, 89, 0]]