[[0, 85, 58, 28, 45, 45, 6, 74, 14], [85, 0, 14, 59, 57, 50, 1, 6, 82], [58, 14, 0, 66, 70, 79, 81, 64, 98], [28, 59, 66, 0, 67, 62, 2, 92, 8], [45, 57, 70, 67, 0, 51, 29, 51, 94], [45, 50, 79, 62, 51, 0, 37, 89, 27], [6, 1, 81, 2, 29, 37, 0, 48, 26], [74, 6, 64, 92, 51, 89, 48, 0, 67], [14, 82, 98, 8, 94, 27, 26, 67, 0]]