[[0, 29, 59, 24, 86, 56, 54, 33, 15], [29, 0, 19, 69, 87, 76, 55, 23, 91], [59, 19, 0, 37, 4, 54, 49, 33, 72], [24, 69, 37, 0, 87, 5, 59, 61, 98], [86, 87, 4, 87, 0, 100, 85, 39, 84], [56, 76, 54, 5, 100, 0, 28, 85, 76], [54, 55, 49, 59, 85, 28, 0, 74, 18], [33, 23, 33, 61, 39, 85, 74, 0, 7], [15, 91, 72, 98, 84, 76, 18, 7, 0]]